0 0.603786 0.569579 0.039896 0.051583
0 0.485661 0.679185 0.055438 0.063556
0 0.561563 0.614250 0.056990 0.059870
0 0.335333 0.790102 0.074938 0.071833
0 0.389813 0.763000 0.063729 0.066315
0 0.432943 0.729153 0.057250 0.067694
0 0.662201 0.524676 0.045849 0.064019
0 0.705464 0.491042 0.053625 0.053861
0 0.741083 0.456056 0.035750 0.052037
0 0.764273 0.428880 0.032391 0.054796
0 0.800016 0.400333 0.047406 0.046519
0 0.835633 0.368787 0.056474 0.049741
0 0.875268 0.334935 0.052328 0.046519
0 0.901042 0.305463 0.045844 0.052037
0 0.937831 0.278292 0.032380 0.047435
