0 0.643341 0.536565 0.059536 0.070833
0 0.287141 0.813403 0.067760 0.072694
0 0.360445 0.780185 0.067161 0.078963
0 0.433177 0.725144 0.074792 0.089343
0 0.490268 0.674630 0.061328 0.082759
0 0.544195 0.629255 0.054589 0.073194
0 0.587865 0.592255 0.051458 0.066065
0 0.838294 0.361495 0.042057 0.058120
0 0.685883 0.495565 0.058641 0.058870
0 0.739154 0.452204 0.056849 0.056500
0 0.793318 0.406838 0.062219 0.074009
0 0.978190 0.236542 0.041630 0.064454
0 0.930966 0.281505 0.052818 0.063657
0 0.883086 0.326060 0.042943 0.052509
