0 0.281490 0.825398 0.095615 0.067796
0 0.356964 0.778606 0.076813 0.075435
0 0.424914 0.737065 0.066609 0.084037
0 0.484000 0.685495 0.062312 0.064935
0 0.589820 0.582361 0.060161 0.057296
0 0.632794 0.548940 0.052641 0.068750
0 0.677112 0.511694 0.053182 0.068759
0 0.715786 0.473019 0.053177 0.052519
0 0.754997 0.447718 0.031693 0.047750
0 0.813003 0.378009 0.067120 0.070648
0 0.895201 0.316407 0.046734 0.058259
0 0.929307 0.284417 0.039750 0.055389
0 0.981844 0.320227 0.036313 0.062065
0 0.937904 0.367972 0.038672 0.048704
0 0.897349 0.408083 0.041365 0.052519
0 0.857331 0.448190 0.044047 0.058250
0 0.813013 0.489255 0.047807 0.060157
0 0.706922 0.600028 0.055865 0.062074
0 0.657773 0.647301 0.054255 0.072583
0 0.599490 0.706028 0.064458 0.065889
0 0.552758 0.744704 0.053714 0.082130
0 0.492328 0.786245 0.053177 0.094546
0 0.434852 0.830176 0.055328 0.073537
0 0.381672 0.863120 0.054250 0.087852
0 0.332253 0.923759 0.071443 0.081167
0 0.264570 0.956704 0.076818 0.084037
