0 0.895206 0.388315 0.059682 0.098185
0 0.942396 0.351829 0.042896 0.071620
0 0.977833 0.301093 0.042156 0.081574
0 0.491211 0.809764 0.043276 0.070917
0 0.370727 0.882356 0.078339 0.107435
0 0.316078 0.936407 0.059312 0.098815
0 0.241844 0.956630 0.084677 0.080907
0 0.430599 0.831296 0.076469 0.108759
0 0.593240 0.698657 0.045885 0.087537
0 0.541948 0.757019 0.063417 0.094167
0 0.654797 0.636324 0.077198 0.095500
0 0.718391 0.581282 0.053719 0.083565
0 0.762036 0.519606 0.057448 0.106102
0 0.821159 0.463241 0.058568 0.106111
