0 0.809208 0.390958 0.054729 0.062750
0 0.982146 0.228815 0.034917 0.051537
0 0.956937 0.252421 0.025781 0.031028
0 0.888120 0.325769 0.038906 0.046574
0 0.850065 0.351829 0.043641 0.053583
0 0.770727 0.426926 0.029370 0.054296
0 0.730089 0.460764 0.048781 0.074028
0 0.681708 0.502347 0.051167 0.074009
0 0.640854 0.547130 0.055125 0.067685
0 0.593859 0.590843 0.065833 0.073333
0 0.555393 0.619750 0.051557 0.057815
0 0.520094 0.644782 0.043625 0.044417
0 0.486383 0.682500 0.057901 0.077556
0 0.436612 0.719514 0.044818 0.054287
0 0.391995 0.763931 0.060281 0.065565
0 0.331911 0.800593 0.075750 0.066981
0 0.255172 0.828796 0.085667 0.057111
0 0.074727 0.899301 0.144359 0.076843
