0 0.834680 0.463662 0.061328 0.075602
0 0.793497 0.488727 0.047005 0.070028
0 0.772680 0.524542 0.041182 0.049343
0 0.746047 0.551199 0.035365 0.062861
0 0.703971 0.591782 0.041630 0.067639
0 0.675992 0.622824 0.050130 0.058093
0 0.587138 0.707972 0.055953 0.072426
0 0.549760 0.744972 0.048344 0.065241
0 0.506562 0.774421 0.043417 0.049343
0 0.291250 0.939551 0.064010 0.077194
0 0.352799 0.906125 0.046557 0.058102
0 0.416810 0.855991 0.057297 0.072426
0 0.469854 0.813412 0.049688 0.070028
0 0.867581 0.434616 0.043870 0.044565
