0 0.891701 0.318343 0.047589 0.058519
0 0.859576 0.340194 0.030932 0.038778
0 0.813771 0.380736 0.033708 0.042306
0 0.737820 0.456884 0.030141 0.033843
0 0.929771 0.282046 0.049177 0.050741
0 0.686266 0.500593 0.034104 0.029611
0 0.631346 0.541514 0.063078 0.060620
0 0.588508 0.590861 0.073370 0.067722
0 0.549036 0.634190 0.049948 0.062731
0 0.505617 0.661347 0.057505 0.073324
0 0.455451 0.709292 0.079318 0.081787
0 0.406471 0.758644 0.058297 0.062046
0 0.354320 0.787199 0.067422 0.074028
0 0.269253 0.826681 0.093995 0.064157
0 0.073534 0.898949 0.128495 0.074731
0 0.977164 0.236912 0.044026 0.063454
