0 0.086456 0.897370 0.148620 0.081167
0 0.277148 0.825708 0.105641 0.057380
0 0.349891 0.787157 0.065802 0.059685
0 0.411656 0.749741 0.062208 0.069222
0 0.469854 0.701556 0.076542 0.054222
0 0.518635 0.651440 0.082812 0.061009
0 0.567492 0.603463 0.058130 0.055815
0 0.617385 0.561190 0.055333 0.075157
0 0.666036 0.517806 0.045073 0.066870
0 0.704427 0.485750 0.042896 0.066870
0 0.740797 0.452037 0.039792 0.063556
0 0.776701 0.421921 0.040724 0.061898
0 0.815932 0.388102 0.043521 0.064111
0 0.854789 0.348861 0.041036 0.066315
0 0.895201 0.321231 0.039786 0.060796
0 0.934529 0.279213 0.039484 0.058611
0 0.974940 0.244139 0.041339 0.060241
