0 0.560232 0.722370 0.065255 0.083963
0 0.505508 0.775718 0.050359 0.085657
0 0.456703 0.821866 0.057198 0.088417
0 0.366245 0.891218 0.066521 0.082343
0 0.302206 0.943171 0.073984 0.095602
0 0.232732 0.959472 0.075536 0.075167
0 0.964646 0.240218 0.051604 0.050287
0 0.981701 0.312333 0.036599 0.060796
0 0.950812 0.344940 0.033260 0.060787
0 0.897656 0.304870 0.050052 0.049185
0 0.915687 0.374231 0.039479 0.063000
0 0.872323 0.421477 0.041031 0.067972
0 0.837971 0.441648 0.031401 0.056370
0 0.808440 0.481718 0.040724 0.064657
0 0.771914 0.515431 0.037307 0.069083
0 0.733523 0.560745 0.046318 0.077917
0 0.693578 0.588102 0.043521 0.055259
0 0.666378 0.633690 0.043214 0.058028
0 0.621148 0.666301 0.042276 0.079028
