0 0.599570 0.677903 0.059016 0.064306
0 0.970542 0.250639 0.057583 0.062611
0 0.884404 0.329750 0.040453 0.048222
0 0.720690 0.472310 0.049974 0.059231
0 0.755193 0.432968 0.046635 0.049917
0 0.680000 0.504880 0.058063 0.070222
0 0.634313 0.547185 0.061865 0.066833
0 0.587198 0.584412 0.061865 0.060065
0 0.498443 0.655907 0.062344 0.059222
0 0.308784 0.917333 0.081839 0.079519
0 0.473693 0.791699 0.074719 0.071917
0 0.920807 0.291676 0.051396 0.066833
0 0.754956 0.520958 0.060443 0.063454
0 0.695466 0.580181 0.048068 0.058380
