0 0.245638 0.946426 0.115099 0.094056
0 0.347742 0.906000 0.090964 0.122111
0 0.387656 0.839167 0.076115 0.077556
0 0.474909 0.806986 0.098391 0.092417
0 0.542714 0.736301 0.046198 0.075435
0 0.578432 0.694282 0.067146 0.086898
0 0.629464 0.654653 0.060698 0.091676
0 0.695000 0.601653 0.052104 0.084991
0 0.737167 0.554384 0.053719 0.087861
0 0.782823 0.520963 0.054792 0.070667
0 0.827948 0.478463 0.054792 0.060167
0 0.892138 0.392519 0.041359 0.052519
0 0.933229 0.364347 0.049417 0.066843
0 0.974055 0.325671 0.045120 0.065898
