0 0.856487 0.431537 0.038797 0.068963
0 0.802021 0.487560 0.044771 0.073583
0 0.767146 0.522060 0.037677 0.064324
0 0.724424 0.564176 0.067911 0.088870
0 0.666987 0.615898 0.049984 0.071630
0 0.633042 0.666630 0.053719 0.082889
0 0.583240 0.703435 0.047375 0.094167
0 0.540344 0.749523 0.045885 0.081565
0 0.492969 0.797273 0.065281 0.086880
0 0.401203 0.842037 0.063792 0.067648
0 0.351589 0.874532 0.057073 0.051731
0 0.250125 0.953782 0.078708 0.085546
0 0.322122 0.942505 0.063786 0.060343
0 0.419289 0.738921 0.058922 0.072287
0 0.066969 0.907023 0.128698 0.092843
0 0.289495 0.820134 0.089552 0.071583
0 0.364273 0.790972 0.066776 0.066315
0 0.464234 0.709398 0.057052 0.075648
0 0.514232 0.662319 0.064536 0.076935
0 0.558438 0.616565 0.049240 0.070296
0 0.609169 0.571796 0.055953 0.081574
0 0.656169 0.532671 0.052224 0.069639
0 0.700560 0.489898 0.052224 0.074278
0 0.750732 0.444801 0.054839 0.068972
0 0.795495 0.405343 0.048865 0.066981
0 0.838023 0.370528 0.044391 0.053056
0 0.893042 0.318801 0.045510 0.047750
0 0.927922 0.285977 0.048865 0.051065
0 0.971008 0.248833 0.047745 0.056370
0 0.973992 0.314819 0.049984 0.071620
0 0.932211 0.360583 0.035807 0.070296
0 0.895469 0.389426 0.041406 0.069630
