0 0.819812 0.383208 0.049229 0.068269
0 0.975370 0.239287 0.039542 0.053722
0 0.936201 0.277417 0.036557 0.055704
0 0.901138 0.309583 0.042526 0.063000
0 0.863091 0.344398 0.046255 0.057037
0 0.094794 0.895056 0.112807 0.077926
0 0.387117 0.773583 0.088953 0.089389
0 0.447388 0.718579 0.067682 0.061880
0 0.498633 0.667009 0.070901 0.075630
0 0.551490 0.621745 0.055437 0.079065
0 0.621367 0.560921 0.058193 0.074935
0 0.674893 0.512176 0.056328 0.074278
0 0.728612 0.459458 0.055578 0.064324
0 0.777664 0.423315 0.041036 0.053056
