0 0.080781 0.899176 0.142063 0.077370
0 0.282219 0.822366 0.106625 0.068528
0 0.373924 0.776218 0.089839 0.079028
0 0.437492 0.721505 0.065901 0.072398
0 0.496557 0.672319 0.060927 0.074602
0 0.539612 0.636954 0.046318 0.056926
0 0.602560 0.583625 0.055953 0.075157
0 0.647167 0.547153 0.051917 0.054157
0 0.687424 0.496028 0.055953 0.049185
0 0.732497 0.461491 0.046005 0.054167
0 0.771198 0.428333 0.049427 0.056370
0 0.811151 0.391852 0.040427 0.057463
0 0.856219 0.346819 0.038542 0.046972
0 0.893521 0.308690 0.035437 0.046972
0 0.940461 0.274421 0.032328 0.040343
0 0.962688 0.255083 0.025802 0.034815
