0 0.972508 0.242750 0.042078 0.063667
0 0.076036 0.901949 0.146969 0.077009
0 0.267490 0.831824 0.098250 0.060500
0 0.458927 0.701185 0.068073 0.074259
0 0.521737 0.647810 0.060880 0.066843
0 0.576797 0.602051 0.067146 0.067639
0 0.616411 0.559870 0.050583 0.059685
0 0.660729 0.523662 0.050583 0.073213
0 0.711990 0.480685 0.058208 0.079593
0 0.804867 0.388778 0.047005 0.053315
0 0.769727 0.419417 0.039391 0.033426
0 0.848286 0.355352 0.044312 0.059685
0 0.891927 0.314750 0.048333 0.064500
0 0.936695 0.271398 0.041182 0.065259
