0 0.691659 0.583431 0.044766 0.050935
0 0.975828 0.236380 0.047271 0.072574
0 0.928826 0.278880 0.048880 0.065889
0 0.881018 0.325194 0.045661 0.066852
0 0.831062 0.375806 0.057479 0.064944
0 0.781643 0.415435 0.055328 0.079259
0 0.726583 0.456500 0.061240 0.060167
0 0.681365 0.503056 0.063562 0.063667
0 0.627201 0.554782 0.085943 0.068435
0 0.564753 0.609292 0.075651 0.072417
0 0.511711 0.661417 0.076995 0.082759
0 0.436060 0.717125 0.064464 0.076398
0 0.332208 0.800681 0.068042 0.068435
0 0.392862 0.757708 0.043422 0.044565
0 0.256557 0.828139 0.089531 0.056500
0 0.248948 0.954667 0.070729 0.083556
0 0.375404 0.884241 0.088182 0.089130
0 0.443221 0.830125 0.061776 0.076398
0 0.492461 0.795509 0.056401 0.077185
0 0.532747 0.752537 0.058193 0.077185
0 0.569680 0.719907 0.046109 0.066056
0 0.607057 0.669375 0.048344 0.050935
0 0.645555 0.634361 0.041182 0.049333
0 0.734857 0.541648 0.047901 0.058093
0 0.789917 0.487537 0.029094 0.037407
0 0.814982 0.455708 0.040734 0.045361
0 0.855047 0.421880 0.048344 0.060481
0 0.887276 0.393634 0.026854 0.037398
0 0.915937 0.361426 0.040312 0.052481
0 0.952409 0.328773 0.024620 0.035009
