0 0.922904 0.289718 0.050026 0.080417
0 0.494930 0.674097 0.050714 0.079194
0 0.545643 0.629630 0.063047 0.092593
0 0.599438 0.577852 0.059625 0.086500
0 0.650151 0.534597 0.047281 0.077972
0 0.693667 0.492565 0.049344 0.069444
0 0.743346 0.442597 0.055495 0.071843
0 0.817708 0.381704 0.063052 0.069444
0 0.872534 0.337231 0.053453 0.085278
0 0.227659 0.953704 0.127464 0.085278
0 0.974643 0.326269 0.050714 0.087722
0 0.921875 0.378653 0.052083 0.090157
0 0.871164 0.424343 0.050714 0.079185
0 0.818393 0.468204 0.056193 0.079185
0 0.766310 0.535213 0.063047 0.086500
0 0.710456 0.593690 0.073328 0.108435
0 0.642956 0.650343 0.074016 0.104778
0 0.571339 0.719782 0.081552 0.102343
0 0.507607 0.781315 0.078807 0.115741
0 0.434279 0.836745 0.089776 0.099898
0 0.345187 0.898880 0.098000 0.131574
