0 0.646596 0.523125 0.059391 0.079620
0 0.706958 0.478556 0.061333 0.068370
0 0.763185 0.426634 0.053057 0.064898
0 0.810159 0.383366 0.053547 0.056250
0 0.874661 0.325380 0.047219 0.061444
0 0.919201 0.290333 0.051599 0.067500
0 0.966419 0.244468 0.050630 0.069231
0 0.706232 0.590255 0.041422 0.062620
0 0.661010 0.642282 0.065198 0.085454
0 0.558214 0.745079 0.059490 0.065991
0 0.506341 0.787384 0.049016 0.087991
0 0.436383 0.838569 0.067099 0.066843
0 0.364521 0.887644 0.060437 0.063454
0 0.310505 0.925273 0.085667 0.077861
0 0.238167 0.961667 0.093281 0.072759
0 0.053513 0.910060 0.100891 0.054139
0 0.267391 0.825144 0.073010 0.057139
0 0.333833 0.799625 0.061823 0.075287
0 0.399552 0.751597 0.067667 0.072694
0 0.520034 0.646014 0.066203 0.072694
0 0.591846 0.575912 0.073484 0.070954
