0 0.747758 0.537954 0.067297 0.097630
0 0.239945 0.946370 0.122214 0.094889
0 0.343594 0.901676 0.095917 0.129259
0 0.417464 0.839796 0.087406 0.118259
0 0.486695 0.793727 0.080443 0.125139
0 0.610458 0.679593 0.086635 0.130630
0 0.683167 0.596398 0.063427 0.099019
0 0.810013 0.457532 0.052578 0.066046
0 0.865331 0.420380 0.064203 0.088000
0 0.924891 0.368810 0.059563 0.089380
0 0.975159 0.310375 0.048755 0.077028
0 0.972849 0.225106 0.051823 0.093509
0 0.920250 0.278056 0.059562 0.081130
0 0.856047 0.329620 0.068844 0.085259
0 0.792633 0.392167 0.070370 0.086593
0 0.678529 0.497389 0.071161 0.085259
0 0.611620 0.561333 0.078125 0.094889
0 0.533107 0.626653 0.080443 0.099009
0 0.458849 0.696782 0.071167 0.104509
0 0.396581 0.742852 0.076578 0.100389
