0 0.647260 0.633139 0.062792 0.072944
0 0.975794 0.316481 0.048411 0.084000
0 0.933406 0.366491 0.051292 0.066870
0 0.890818 0.404347 0.046938 0.067417
0 0.855693 0.436403 0.043208 0.068528
0 0.810141 0.488898 0.049719 0.068537
0 0.763521 0.534773 0.055333 0.079583
0 0.718135 0.564333 0.036677 0.049185
0 0.256201 0.955880 0.123724 0.084000
0 0.387695 0.887079 0.070255 0.092287
0 0.438518 0.827116 0.056266 0.055269
0 0.495716 0.786222 0.059995 0.084000
0 0.548253 0.741454 0.061859 0.066315
0 0.605138 0.686190 0.062484 0.086213
0 0.692646 0.605509 0.050979 0.058574
