0 0.732763 0.460606 0.060161 0.078306
0 0.666971 0.506921 0.068245 0.071620
0 0.597138 0.579028 0.077911 0.101204
0 0.536430 0.630588 0.048880 0.057306
0 0.443768 0.706028 0.055870 0.053481
0 0.261133 0.830171 0.082724 0.064935
0 0.542872 0.741838 0.070370 0.084991
0 0.602232 0.696481 0.061234 0.087852
0 0.655141 0.634884 0.065000 0.096454
0 0.713693 0.592389 0.061771 0.084037
0 0.765797 0.534139 0.056406 0.087852
0 0.813872 0.478750 0.053714 0.076389
0 0.862219 0.432912 0.058010 0.074491
0 0.917813 0.388028 0.052104 0.068759
0 0.483245 0.799606 0.074656 0.099306
0 0.967768 0.314977 0.062849 0.071620
0 0.039552 0.910394 0.074667 0.078306
0 0.417180 0.856912 0.081109 0.091676
0 0.334724 0.902750 0.077354 0.097407
0 0.234810 0.954796 0.117099 0.083074
0 0.963466 0.240463 0.070359 0.065926
0 0.352719 0.783852 0.091854 0.094556
0 0.895789 0.309245 0.041359 0.069713
0 0.855237 0.347921 0.059089 0.072583
0 0.796672 0.390412 0.065510 0.069713
