0 0.464161 0.702301 0.055375 0.085991
0 0.977831 0.239727 0.040734 0.066046
0 0.939112 0.277921 0.042078 0.072417
0 0.903302 0.310153 0.042073 0.073213
0 0.864581 0.340792 0.045214 0.072417
0 0.822951 0.376204 0.048797 0.073222
0 0.781768 0.414801 0.048797 0.070824
0 0.734318 0.460519 0.053344 0.074944
0 0.645701 0.539657 0.046411 0.075907
0 0.604857 0.575963 0.053839 0.082500
0 0.555992 0.617560 0.051172 0.083491
0 0.516034 0.653079 0.062391 0.079750
0 0.249318 0.831264 0.050458 0.057287
0 0.309596 0.807606 0.070099 0.069787
0 0.381794 0.770843 0.065891 0.081000
