0 0.413646 0.726944 0.061250 0.090741
0 0.806253 0.462412 0.052599 0.074769
0 0.900031 0.376292 0.046406 0.082509
0 0.942266 0.327616 0.049198 0.080861
0 0.976609 0.297907 0.041771 0.077556
0 0.514357 0.766560 0.064047 0.080861
0 0.979857 0.234380 0.038984 0.072611
0 0.942266 0.267380 0.043625 0.059407
0 0.894924 0.307801 0.047339 0.070972
0 0.819276 0.373815 0.044552 0.074259
0 0.342172 0.790486 0.079823 0.095713
0 0.264667 0.821014 0.065906 0.084157
0 0.577013 0.587514 0.048266 0.079213
0 0.534313 0.632894 0.050125 0.087454
0 0.488831 0.663421 0.057547 0.072602
0 0.738057 0.452204 0.051052 0.075907
0 0.703714 0.475306 0.051052 0.075907
0 0.661932 0.508310 0.051031 0.082509
0 0.617854 0.550384 0.050125 0.084157
