0 0.709505 0.481106 0.049771 0.067287
0 0.840810 0.366815 0.042526 0.060481
0 0.801875 0.393491 0.040750 0.051685
0 0.755419 0.436870 0.051870 0.063556
0 0.910195 0.298773 0.043422 0.058102
0 0.963466 0.254208 0.042526 0.058102
0 0.373036 0.770222 0.066594 0.077259
0 0.431565 0.724736 0.063089 0.071028
0 0.476078 0.697940 0.059583 0.064806
0 0.498859 0.666167 0.050469 0.068537
0 0.541271 0.635634 0.045563 0.062306
0 0.578773 0.598245 0.053276 0.062306
0 0.622935 0.559616 0.053276 0.074769
0 0.665695 0.518491 0.049068 0.069778
0 0.877305 0.335787 0.041203 0.050944
