0 0.249036 0.954019 0.085865 0.085593
0 0.374620 0.870565 0.065802 0.124111
0 0.459279 0.824199 0.071422 0.114120
0 0.505990 0.772079 0.051292 0.088065
0 0.969505 0.321852 0.051479 0.085944
0 0.914448 0.379148 0.052375 0.085944
0 0.869909 0.425306 0.052818 0.082759
0 0.818878 0.463903 0.053714 0.083565
0 0.764714 0.536319 0.051927 0.083565
0 0.719055 0.571731 0.051922 0.082759
0 0.676307 0.608338 0.051479 0.082769
0 0.641167 0.653699 0.050135 0.084361
0 0.552758 0.722134 0.055953 0.076398
0 0.596177 0.698259 0.051479 0.087537
0 0.324068 0.914787 0.070615 0.109852
