0 0.228849 0.960718 0.072969 0.074009
0 0.936563 0.340741 0.038021 0.043704
0 0.905451 0.376602 0.042078 0.056500
0 0.978190 0.237338 0.041630 0.062861
0 0.937914 0.265602 0.042505 0.055685
0 0.888440 0.318509 0.041182 0.058093
0 0.854867 0.347157 0.047453 0.066056
0 0.820169 0.378981 0.048828 0.053333
0 0.866958 0.403278 0.042083 0.066889
0 0.827784 0.439069 0.044318 0.074806
0 0.788169 0.472495 0.043870 0.073213
0 0.742510 0.525019 0.057302 0.081167
0 0.787279 0.418755 0.039401 0.050083
0 0.751453 0.435120 0.041156 0.057352
0 0.715875 0.473287 0.048792 0.060481
0 0.668427 0.512255 0.047000 0.066787
0 0.622534 0.561204 0.042953 0.053333
0 0.580242 0.589481 0.053266 0.068444
0 0.533911 0.636032 0.053719 0.070824
0 0.661044 0.599046 0.057286 0.068407
0 0.417081 0.849306 0.056401 0.088333
0 0.488029 0.679801 0.055953 0.083565
0 0.434312 0.726356 0.070281 0.095491
0 0.370750 0.769324 0.066698 0.089130
0 0.288831 0.819861 0.077443 0.083556
0 0.301138 0.928884 0.063557 0.113806
