0 0.978083 0.239819 0.043833 0.073528
0 0.335219 0.794148 0.066646 0.080333
0 0.404232 0.742130 0.061776 0.077352
0 0.463320 0.699634 0.059630 0.080213
0 0.519185 0.644718 0.064995 0.083083
0 0.568604 0.609389 0.055323 0.063981
0 0.619904 0.563074 0.052641 0.068759
0 0.662607 0.518667 0.048880 0.073537
0 0.709341 0.479514 0.056401 0.083083
0 0.760651 0.428921 0.055885 0.075491
0 0.802547 0.388782 0.038687 0.067787
0 0.844974 0.357755 0.041896 0.063028
0 0.886885 0.320019 0.045146 0.056315
0 0.932255 0.277083 0.051010 0.064019
