0 0.322245 0.928079 0.059563 0.094880
0 0.384133 0.875806 0.043870 0.089926
0 0.434495 0.832833 0.066698 0.096296
0 0.488880 0.790255 0.062667 0.097083
0 0.535659 0.750069 0.062224 0.086750
0 0.584674 0.721023 0.047453 0.063657
0 0.624961 0.662134 0.054609 0.068435
0 0.677336 0.619560 0.059089 0.083565
0 0.930919 0.365301 0.046109 0.077991
0 0.896901 0.392356 0.046104 0.079583
0 0.855719 0.436921 0.049688 0.079583
0 0.805807 0.483875 0.051927 0.070028
0 0.760594 0.531227 0.047448 0.075602
0 0.719862 0.574995 0.059984 0.081972
0 0.246828 0.950773 0.080448 0.093509
