0 0.721021 0.468130 0.071052 0.084204
0 0.902599 0.294444 0.071052 0.087722
0 0.968076 0.248829 0.063849 0.091231
0 0.242893 0.951463 0.099672 0.085963
0 0.531052 0.637426 0.081906 0.103500
0 0.615919 0.554968 0.083880 0.103509
0 0.815263 0.383042 0.068089 0.064917
0 0.784669 0.506727 0.062172 0.098250
0 0.449638 0.700583 0.088818 0.107019
0 0.731875 0.566370 0.067104 0.112278
0 0.660823 0.629532 0.061188 0.105269
0 0.602599 0.684796 0.071052 0.114037
0 0.531052 0.757602 0.083885 0.119296
0 0.449638 0.826023 0.082891 0.122806
0 0.333685 0.904093 0.072036 0.135093
