0 0.514242 0.766097 0.074130 0.091676
0 0.451932 0.813366 0.066604 0.069713
0 0.380490 0.868278 0.063385 0.072574
0 0.334831 0.916981 0.071984 0.095500
0 0.619271 0.659644 0.058542 0.052565
0 0.681299 0.615213 0.066609 0.085944
0 0.720513 0.569375 0.066609 0.072583
0 0.775576 0.502079 0.047807 0.053472
0 0.245393 0.950880 0.092932 0.090722
0 0.813073 0.471824 0.055333 0.079574
0 0.851927 0.440602 0.035437 0.049185
0 0.890477 0.411861 0.036682 0.052500
0 0.933063 0.366551 0.035437 0.054713
0 0.953891 0.339194 0.032333 0.038685
0 0.982802 0.310454 0.027354 0.043111
0 0.568766 0.717870 0.082188 0.073537
