0 0.234622 0.947222 0.111839 0.095037
0 0.880039 0.325676 0.055922 0.067685
0 0.929414 0.286898 0.052349 0.060630
0 0.976010 0.237542 0.047979 0.071917
0 0.831456 0.367273 0.057901 0.060639
0 0.773354 0.416273 0.082094 0.079676
0 0.713273 0.474792 0.064245 0.072620
0 0.667846 0.515671 0.061745 0.067731
0 0.622594 0.557139 0.063521 0.068315
0 0.327549 0.921644 0.105266 0.096472
0 0.404852 0.863889 0.100328 0.086259
0 0.481742 0.801023 0.084703 0.089176
0 0.569737 0.725731 0.066609 0.099407
0 0.647039 0.654093 0.060036 0.090648
0 0.696513 0.598032 0.066151 0.077843
0 0.747911 0.537963 0.062344 0.089685
0 0.820964 0.463514 0.059010 0.074454
0 0.874026 0.412324 0.054729 0.066833
0 0.927102 0.358194 0.051422 0.071944
0 0.976604 0.308333 0.046792 0.069093
