0 0.854513 0.349208 0.054089 0.073917
0 0.295643 0.820616 0.118422 0.093565
0 0.072266 0.905111 0.142656 0.094352
0 0.394435 0.761500 0.094672 0.089593
0 0.474206 0.699278 0.070318 0.072111
0 0.537927 0.641583 0.074708 0.078130
0 0.598609 0.586296 0.064906 0.074519
0 0.646599 0.533116 0.066906 0.069120
0 0.703065 0.484130 0.062203 0.081741
0 0.753432 0.440255 0.056792 0.072120
0 0.804648 0.391880 0.055776 0.073926
0 0.907245 0.307440 0.056792 0.068509
0 0.977901 0.235625 0.043271 0.052287
0 0.970799 0.318875 0.058141 0.070954
0 0.928036 0.354917 0.043604 0.074519
0 0.867701 0.423125 0.077068 0.061898
0 0.824424 0.453481 0.070318 0.064907
0 0.774055 0.526495 0.069641 0.065509
0 0.708813 0.570389 0.058146 0.058333
0 0.665359 0.631963 0.074010 0.092537
0 0.598607 0.677644 0.066932 0.091343
0 0.549758 0.753065 0.070651 0.082333
0 0.466771 0.801167 0.076354 0.071556
0 0.416398 0.865148 0.067609 0.079333
0 0.342146 0.895032 0.065917 0.072713
0 0.294482 0.957491 0.086776 0.077352
