0 0.752180 0.440880 0.042036 0.057815
0 0.815833 0.383773 0.053542 0.062046
0 0.864885 0.336343 0.053208 0.057574
0 0.908180 0.294630 0.041974 0.061111
0 0.945195 0.271412 0.038016 0.049917
0 0.980555 0.237931 0.037349 0.061694
0 0.975323 0.304032 0.049354 0.063454
0 0.930815 0.357495 0.047589 0.065806
0 0.892479 0.399801 0.049573 0.052880
0 0.302302 0.812690 0.150990 0.114028
0 0.402961 0.743394 0.079932 0.108769
0 0.420734 0.844625 0.082292 0.082250
0 0.492122 0.773241 0.073703 0.107519
0 0.559378 0.742102 0.073370 0.086370
0 0.617380 0.675417 0.075021 0.095185
0 0.683312 0.609319 0.066760 0.098120
0 0.732714 0.552620 0.067740 0.082259
0 0.710141 0.483889 0.049177 0.076148
0 0.796466 0.487338 0.059151 0.081065
0 0.497737 0.656292 0.081089 0.082787
0 0.851503 0.436505 0.049568 0.074583
0 0.662948 0.523727 0.055521 0.082491
0 0.611193 0.563907 0.059094 0.086722
0 0.272677 0.949190 0.137813 0.098750
0 0.363396 0.893097 0.052875 0.088713
