0 0.947094 0.267310 0.052083 0.069231
0 0.888435 0.316204 0.061339 0.068370
0 0.830018 0.373324 0.066203 0.077019
0 0.759919 0.431736 0.072036 0.081343
0 0.688607 0.500106 0.084214 0.086546
0 0.608518 0.571060 0.077859 0.083065
0 0.521401 0.642463 0.098344 0.094333
0 0.324487 0.795208 0.128026 0.095194
0 0.070141 0.904250 0.138250 0.109037
0 0.227130 0.956454 0.124135 0.087093
0 0.351992 0.884347 0.114880 0.124620
0 0.443758 0.803009 0.104672 0.102130
0 0.520909 0.738093 0.084703 0.102111
0 0.597333 0.676648 0.086646 0.090000
0 0.671326 0.610875 0.068151 0.088269
0 0.733393 0.548569 0.069609 0.077880
0 0.782802 0.500968 0.058417 0.072694
0 0.834643 0.444722 0.050141 0.060574
