0 0.249510 0.947324 0.133187 0.102241
0 0.356753 0.910606 0.100474 0.087546
0 0.432768 0.836884 0.097172 0.083454
0 0.498203 0.779000 0.103115 0.099296
0 0.564466 0.724940 0.092203 0.085194
0 0.680302 0.613606 0.072708 0.096361
0 0.741948 0.537810 0.058479 0.101046
0 0.785852 0.496366 0.052349 0.089546
0 0.825708 0.455120 0.049573 0.078963
0 0.859219 0.427269 0.039656 0.066981
0 0.939529 0.352185 0.053536 0.066278
0 0.071440 0.896157 0.139411 0.083796
0 0.261818 0.833579 0.120406 0.068528
0 0.349148 0.785773 0.073286 0.074454
0 0.412391 0.745014 0.054625 0.074250
0 0.460474 0.705847 0.058521 0.071806
0 0.514292 0.662593 0.068854 0.060389
0 0.545047 0.632616 0.050948 0.064861
0 0.590948 0.582829 0.064260 0.073843
0 0.650391 0.541213 0.064719 0.077926
0 0.705130 0.488782 0.061740 0.066102
0 0.758951 0.434106 0.080786 0.077528
0 0.821031 0.385551 0.062656 0.055491
0 0.867276 0.342917 0.048656 0.056722
0 0.897112 0.313944 0.042693 0.049370
0 0.937047 0.281514 0.043604 0.056306
0 0.969523 0.239889 0.047516 0.061204
0 0.976013 0.311292 0.047193 0.066269
0 0.900263 0.394843 0.051953 0.076852
