0 0.899641 0.376796 0.052594 0.070111
0 0.942698 0.340440 0.057896 0.068380
0 0.976589 0.292838 0.046823 0.085676
0 0.231273 0.954875 0.113901 0.085676
0 0.339578 0.909009 0.101740 0.132407
0 0.429146 0.831556 0.087135 0.112500
0 0.491214 0.782231 0.091521 0.090000
0 0.552063 0.727685 0.094437 0.090000
0 0.606099 0.664102 0.079833 0.096056
0 0.672299 0.618667 0.075943 0.096926
0 0.719518 0.558519 0.073016 0.083944
0 0.765521 0.521741 0.062792 0.074426
0 0.812982 0.476722 0.059391 0.077852
0 0.857523 0.433468 0.055984 0.079620
