0 0.560490 0.720296 0.086635 0.100389
0 0.625078 0.659088 0.073490 0.109972
0 0.685411 0.608153 0.073479 0.090898
0 0.748065 0.543523 0.067297 0.085120
0 0.807628 0.487208 0.064203 0.088009
0 0.868573 0.428356 0.056698 0.090194
0 0.883862 0.322894 0.050745 0.075565
0 0.924526 0.372981 0.058938 0.077593
0 0.930310 0.275829 0.049609 0.071620
0 0.976763 0.234380 0.046234 0.074944
0 0.975820 0.320259 0.048120 0.080907
0 0.225172 0.951319 0.116802 0.092139
0 0.336943 0.913505 0.091271 0.115509
0 0.406557 0.837116 0.102104 0.114269
0 0.491643 0.776611 0.106745 0.125000
