0 0.960482 0.253958 0.050828 0.078176
0 0.369974 0.775301 0.071385 0.064972
0 0.417661 0.736718 0.049115 0.060917
0 0.502753 0.663116 0.057109 0.061935
0 0.553000 0.620486 0.051417 0.065972
0 0.594411 0.574782 0.057677 0.068028
0 0.643810 0.542296 0.053682 0.053815
0 0.695211 0.492037 0.062818 0.064981
0 0.747471 0.439236 0.069120 0.077176
0 0.808573 0.390509 0.051969 0.069037
0 0.861112 0.331630 0.054255 0.069037
0 0.911651 0.294065 0.049115 0.075130
0 0.066440 0.895611 0.109651 0.088333
0 0.302302 0.813880 0.077667 0.075130
