0 0.723799 0.576829 0.053266 0.044565
0 0.359810 0.910944 0.064974 0.089111
0 0.431922 0.851116 0.060365 0.068361
0 0.486688 0.803088 0.053062 0.076157
0 0.595484 0.706162 0.050625 0.069231
0 0.545346 0.631301 0.047703 0.054528
0 0.535854 0.769333 0.049167 0.065778
0 0.594268 0.572454 0.040401 0.042407
0 0.635401 0.550384 0.050625 0.053657
0 0.677984 0.499750 0.065698 0.073574
0 0.733732 0.458222 0.057443 0.071833
0 0.782656 0.413653 0.055979 0.062306
0 0.824034 0.368653 0.054036 0.060583
0 0.866383 0.334898 0.052089 0.064037
0 0.907763 0.302014 0.048193 0.064046
0 0.948286 0.268060 0.040281 0.057306
0 0.979174 0.233838 0.040286 0.050935
0 0.861672 0.435968 0.053271 0.065250
0 0.820937 0.472972 0.033573 0.064463
0 0.769234 0.530269 0.039396 0.064463
