0 0.427385 0.726565 0.073594 0.062074
0 0.066690 0.892227 0.127870 0.080176
0 0.256299 0.826352 0.106359 0.053481
0 0.331503 0.796273 0.075203 0.060157
0 0.468477 0.689796 0.060161 0.053481
0 0.516555 0.650644 0.062849 0.064935
0 0.563555 0.621995 0.058016 0.053472
0 0.642250 0.541301 0.042437 0.069713
0 0.688445 0.492116 0.058547 0.063028
0 0.735448 0.455829 0.058010 0.064935
0 0.786208 0.417639 0.059625 0.057315
0 0.860328 0.346023 0.030594 0.047769
0 0.901174 0.314042 0.031714 0.037287
0 0.950844 0.256727 0.048354 0.050620
