0 0.236922 0.955782 0.096240 0.082861
0 0.079875 0.900727 0.129812 0.081565
0 0.265271 0.826120 0.088031 0.071630
0 0.326628 0.917306 0.089141 0.093500
0 0.406648 0.869227 0.083557 0.079583
0 0.472862 0.813852 0.063786 0.084222
0 0.527326 0.761796 0.064536 0.098148
0 0.572833 0.722667 0.059312 0.074278
0 0.646135 0.650713 0.059688 0.076259
0 0.695190 0.601644 0.062297 0.078917
0 0.742750 0.556213 0.055208 0.076926
0 0.789005 0.512773 0.049240 0.065657
0 0.824630 0.471329 0.049615 0.068972
0 0.857641 0.431870 0.049240 0.063000
0 0.891773 0.401361 0.050359 0.063000
0 0.932807 0.361245 0.053344 0.068972
0 0.975893 0.318801 0.047005 0.063657
0 0.968247 0.249167 0.052599 0.062333
0 0.927026 0.288630 0.047750 0.056370
0 0.873870 0.330736 0.052594 0.064991
0 0.825562 0.375829 0.056698 0.071620
0 0.771471 0.426236 0.064161 0.075602
0 0.709549 0.479949 0.059682 0.076935
0 0.670008 0.508134 0.053714 0.055046
0 0.617596 0.559528 0.069755 0.070296
0 0.535547 0.634097 0.050365 0.070880
0 0.583839 0.600977 0.041781 0.055046
0 0.504008 0.662981 0.058193 0.051722
0 0.459247 0.700782 0.053714 0.054380
0 0.398815 0.748199 0.074609 0.069639
0 0.335958 0.794620 0.063042 0.070963
