0 0.063708 0.896917 0.118813 0.074259
0 0.294833 0.825134 0.079823 0.069306
0 0.351932 0.785519 0.069594 0.062667
0 0.409466 0.754185 0.064047 0.075907
0 0.452630 0.699727 0.064979 0.079213
0 0.520852 0.648574 0.064047 0.075907
0 0.586487 0.598269 0.067766 0.072389
0 0.630940 0.557097 0.049734 0.056361
0 0.723732 0.470606 0.040099 0.058028
0 0.768961 0.429440 0.048495 0.047528
0 0.829422 0.370310 0.046937 0.050843
0 0.857089 0.345435 0.040719 0.051944
0 0.900930 0.311435 0.039495 0.045833
0 0.932161 0.281606 0.041031 0.048083
0 0.965727 0.249560 0.036047 0.053620
0 0.986130 0.295426 0.027740 0.059130
0 0.956404 0.329944 0.042286 0.065259
0 0.923302 0.362569 0.050667 0.077361
0 0.885221 0.399597 0.050984 0.072954
0 0.838281 0.447398 0.049115 0.088981
0 0.790721 0.499620 0.056578 0.088426
0 0.741294 0.540792 0.049734 0.072398
0 0.689870 0.589139 0.030781 0.055241
0 0.663271 0.628389 0.033573 0.072944
0 0.629232 0.662097 0.038859 0.081787
0 0.587107 0.701889 0.050359 0.081796
0 0.545453 0.742509 0.061552 0.083444
0 0.498357 0.765995 0.056266 0.081787
0 0.450333 0.804954 0.057198 0.076815
0 0.399042 0.840051 0.045385 0.068528
0 0.346354 0.878736 0.076771 0.085120
0 0.258065 0.951130 0.124651 0.095056
