0 0.282104 0.819644 0.134313 0.073176
0 0.439909 0.720157 0.079234 0.071611
0 0.503250 0.662051 0.064458 0.071620
0 0.564128 0.611120 0.044766 0.062074
0 0.615159 0.568949 0.047453 0.071620
0 0.663727 0.519208 0.044318 0.056509
0 0.704464 0.482204 0.047896 0.046148
0 0.738706 0.448778 0.042974 0.057296
0 0.787052 0.411773 0.051031 0.048546
0 0.816146 0.382731 0.053719 0.065259
0 0.883518 0.326231 0.040734 0.057296
0 0.926263 0.285245 0.058193 0.074009
0 0.978190 0.233120 0.042974 0.058889
0 0.956307 0.347648 0.045135 0.057704
0 0.919753 0.373181 0.048120 0.051731
0 0.896065 0.408991 0.049245 0.057037
0 0.855219 0.444801 0.049615 0.066324
0 0.810828 0.482935 0.047375 0.065648
0 0.771846 0.528690 0.056703 0.081565
0 0.739206 0.566824 0.049609 0.071630
0 0.689591 0.610926 0.064536 0.098815
0 0.640164 0.658338 0.064161 0.064991
0 0.603794 0.702111 0.062297 0.074278
0 0.545602 0.750190 0.066026 0.068306
0 0.488901 0.786662 0.061552 0.078917
0 0.443206 0.835074 0.078339 0.077593
0 0.387250 0.886472 0.079083 0.091519
0 0.306677 0.916972 0.083562 0.076926
0 0.220135 0.955440 0.093260 0.086213
