0 0.894349 0.312542 0.049687 0.068435
0 0.261680 0.950338 0.148516 0.085306
0 0.365719 0.890542 0.067292 0.086639
0 0.455833 0.831407 0.054146 0.086630
0 0.511823 0.772449 0.071167 0.068750
0 0.583690 0.716407 0.063120 0.089926
0 0.629125 0.664681 0.057302 0.081972
0 0.672995 0.630065 0.047448 0.054111
0 0.728732 0.581519 0.047880 0.065259
0 0.773711 0.525019 0.038495 0.058889
0 0.822505 0.478065 0.050135 0.057296
0 0.854734 0.432306 0.049240 0.064463
0 0.898823 0.391324 0.050583 0.060481
0 0.945604 0.350343 0.049240 0.066056
0 0.981307 0.306968 0.037385 0.066843
0 0.977609 0.231769 0.042521 0.066056
0 0.936203 0.274343 0.043865 0.063667
0 0.846453 0.355116 0.048792 0.069231
0 0.804820 0.392120 0.055057 0.068444
0 0.715294 0.476074 0.070276 0.086741
0 0.649268 0.532181 0.064464 0.093898
0 0.585703 0.587093 0.069833 0.093907
0 0.527734 0.637227 0.067594 0.084361
0 0.468872 0.689347 0.069828 0.099472
0 0.404411 0.737495 0.076990 0.093898
0 0.341518 0.790810 0.093557 0.074806
0 0.044062 0.914560 0.084156 0.083565
