0 0.642779 0.660329 0.058193 0.050398
0 0.968177 0.241875 0.063646 0.071620
0 0.953326 0.326093 0.039911 0.051722
0 0.821833 0.465028 0.064906 0.061667
0 0.775576 0.502829 0.049984 0.082898
0 0.739391 0.564500 0.041031 0.073611
0 0.696307 0.604954 0.049615 0.048407
0 0.588128 0.699787 0.062297 0.069630
0 0.545229 0.739907 0.060802 0.059685
0 0.508859 0.785333 0.051479 0.059019
0 0.466708 0.820815 0.051479 0.072944
0 0.410193 0.842366 0.055583 0.055046
0 0.376247 0.896083 0.058568 0.069630
0 0.323464 0.922940 0.054458 0.058361
0 0.241953 0.964074 0.133177 0.066296
