0 0.810453 0.394069 0.073490 0.061676
0 0.871630 0.337037 0.051104 0.059019
0 0.933742 0.278014 0.048495 0.061676
0 0.960594 0.333088 0.058188 0.082843
0 0.977687 0.235241 0.044625 0.059685
0 0.921990 0.375171 0.046625 0.064991
0 0.878531 0.412972 0.049240 0.066315
0 0.844214 0.456074 0.043271 0.068963
0 0.807284 0.500505 0.046255 0.057028
0 0.769430 0.527384 0.042911 0.069676
0 0.731000 0.575449 0.047375 0.054380
0 0.691271 0.610921 0.049240 0.053713
0 0.651729 0.630153 0.047750 0.061676
0 0.617789 0.690153 0.058182 0.076972
0 0.556234 0.750185 0.066396 0.077593
0 0.471185 0.806556 0.070130 0.080241
0 0.390049 0.875523 0.068266 0.082898
0 0.340997 0.916972 0.071620 0.095500
0 0.249229 0.958088 0.128323 0.082231
0 0.315443 0.817500 0.051104 0.042444
0 0.378484 0.762125 0.060802 0.048417
0 0.471742 0.695810 0.063786 0.059028
0 0.516133 0.651375 0.062297 0.060343
0 0.566305 0.611255 0.049984 0.061009
0 0.646320 0.533995 0.089151 0.086880
0 0.703023 0.492546 0.054089 0.074278
0 0.751703 0.444472 0.059687 0.069630
