0 0.257289 0.949745 0.138641 0.087861
0 0.938534 0.280227 0.053776 0.068528
0 0.976445 0.240148 0.043203 0.052481
0 0.973661 0.321671 0.051292 0.082898
0 0.926724 0.364778 0.051292 0.066315
0 0.879784 0.410093 0.056266 0.087315
0 0.831133 0.460940 0.050359 0.072954
0 0.784193 0.506532 0.049740 0.072398
0 0.743005 0.552125 0.053781 0.081787
0 0.687219 0.604343 0.075250 0.101130
0 0.622081 0.674255 0.065589 0.106102
0 0.559599 0.715148 0.070563 0.095056
0 0.513745 0.779810 0.077094 0.089528
0 0.434169 0.831204 0.083932 0.086204
0 0.355047 0.884833 0.083010 0.089481
