0 0.680828 0.512773 0.061177 0.068306
0 0.340995 0.793958 0.080573 0.059028
0 0.406089 0.754500 0.066771 0.063667
0 0.450107 0.711065 0.061547 0.063000
0 0.498414 0.676579 0.044766 0.061676
0 0.558646 0.603333 0.057083 0.065000
0 0.619276 0.566495 0.070875 0.082898
0 0.719995 0.475306 0.047000 0.057037
0 0.761786 0.433546 0.061948 0.061056
0 0.807284 0.391745 0.047005 0.068972
0 0.849622 0.346653 0.054839 0.072954
0 0.899237 0.303880 0.050359 0.068315
0 0.941760 0.270060 0.045885 0.061676
0 0.979193 0.236569 0.041615 0.063657
