0 0.283549 0.820481 0.081318 0.070963
0 0.410753 0.745880 0.067141 0.074278
0 0.462604 0.705426 0.054458 0.074278
0 0.975706 0.235903 0.040661 0.061009
0 0.933182 0.277681 0.042896 0.050398
0 0.894201 0.316481 0.044766 0.055037
0 0.855776 0.352620 0.047750 0.057037
0 0.816049 0.386440 0.045141 0.054380
0 0.779120 0.423579 0.047375 0.063657
0 0.734542 0.455741 0.049240 0.059019
0 0.683625 0.495532 0.051104 0.057694
0 0.654711 0.538954 0.043276 0.053019
0 0.613680 0.561519 0.044016 0.053056
0 0.572461 0.601644 0.050359 0.057694
0 0.501211 0.655028 0.042151 0.049074
0 0.354984 0.784343 0.067521 0.068963
