0 0.625245 0.672597 0.047750 0.066972
0 0.674307 0.633796 0.053365 0.065000
0 0.733052 0.550907 0.047000 0.067648
0 0.805792 0.491889 0.049240 0.063667
0 0.452531 0.712722 0.055208 0.072944
0 0.494685 0.675583 0.057443 0.078259
0 0.547281 0.631481 0.052969 0.066981
0 0.585706 0.592690 0.046255 0.064991
0 0.657326 0.531009 0.052974 0.066315
0 0.784901 0.416282 0.063417 0.071620
0 0.241206 0.951778 0.080953 0.094852
0 0.342115 0.799259 0.068635 0.063000
0 0.403852 0.753838 0.054839 0.068972
0 0.831716 0.367875 0.054089 0.058361
0 0.882448 0.322449 0.042896 0.053713
0 0.917141 0.293597 0.042896 0.043769
0 0.950724 0.259458 0.038448 0.043120
0 0.955190 0.342343 0.042151 0.060352
0 0.927771 0.368870 0.043271 0.065648
0 0.846451 0.452426 0.048495 0.073611
0 0.449734 0.830435 0.064531 0.063000
0 0.518188 0.777046 0.067146 0.090185
0 0.580297 0.726315 0.065281 0.076259
