0 0.683997 0.509111 0.051870 0.054148
0 0.648065 0.534074 0.050443 0.046537
0 0.614039 0.573417 0.043307 0.059222
0 0.572635 0.607259 0.054729 0.067685
0 0.531232 0.647866 0.046161 0.057528
0 0.487448 0.678745 0.049021 0.068528
0 0.457464 0.709375 0.047115 0.071917
0 0.413445 0.743218 0.067578 0.070231
0 0.072664 0.897426 0.138161 0.107019
0 0.360612 0.789315 0.064714 0.067667
0 0.725878 0.472736 0.049016 0.060917
0 0.757523 0.438042 0.057109 0.057528
0 0.282331 0.824861 0.099464 0.071074
0 0.795596 0.404204 0.046641 0.054148
0 0.828195 0.374593 0.043307 0.045685
0 0.853896 0.350903 0.047115 0.042306
0 0.887930 0.317463 0.045703 0.049889
0 0.931456 0.279847 0.054703 0.064324
0 0.977146 0.240069 0.045229 0.060917
