0 0.954518 0.342736 0.036484 0.054287
0 0.909909 0.364611 0.052734 0.076889
0 0.870839 0.414296 0.054729 0.077556
0 0.826422 0.475282 0.044417 0.064157
0 0.767523 0.514435 0.064641 0.066315
0 0.738776 0.559583 0.042031 0.049352
0 0.677513 0.610653 0.050391 0.069806
0 0.643195 0.653662 0.055526 0.072620
0 0.597391 0.698782 0.052750 0.082491
0 0.535919 0.724519 0.077339 0.067685
0 0.484956 0.788681 0.072974 0.084602
0 0.430625 0.817236 0.064250 0.082491
0 0.389180 0.860241 0.055922 0.061333
0 0.319578 0.918407 0.072177 0.074741
0 0.241057 0.964255 0.120552 0.069065
