0 0.275625 0.819384 0.084604 0.065250
0 0.410141 0.752537 0.064458 0.060481
0 0.468109 0.701208 0.084604 0.062861
0 0.507503 0.657440 0.055057 0.042176
0 0.555174 0.607704 0.054609 0.058889
0 0.602177 0.577060 0.052823 0.046954
0 0.635526 0.542843 0.053271 0.059685
0 0.678724 0.503454 0.051927 0.060481
0 0.716997 0.476394 0.040734 0.063657
0 0.753479 0.442574 0.046552 0.059685
0 0.794214 0.407556 0.051031 0.062870
0 0.840531 0.361417 0.045187 0.062833
0 0.901198 0.308481 0.047448 0.052519
0 0.945513 0.271477 0.044766 0.054917
0 0.981932 0.236861 0.036135 0.052519
0 0.346578 0.793125 0.066250 0.070028
0 0.319719 0.909310 0.075198 0.065250
0 0.620753 0.658634 0.055057 0.068435
0 0.672010 0.604120 0.052823 0.061278
0 0.747659 0.532097 0.042974 0.047750
0 0.784589 0.495097 0.038052 0.050139
0 0.819057 0.463264 0.038052 0.043769
0 0.868073 0.411935 0.037604 0.042981
0 0.916641 0.372144 0.030885 0.047750
0 0.947081 0.339120 0.029995 0.040593
