0 0.726401 0.530519 0.060437 0.061759
0 0.253154 0.957727 0.105536 0.079194
0 0.338536 0.887556 0.083281 0.100685
0 0.411109 0.836792 0.071385 0.073602
0 0.487018 0.767838 0.068057 0.064306
0 0.546260 0.726792 0.061854 0.070250
0 0.602664 0.663773 0.058536 0.074454
0 0.649302 0.618935 0.054729 0.081222
0 0.692859 0.577912 0.056135 0.060102
0 0.769948 0.488639 0.038073 0.052463
0 0.851089 0.425606 0.059490 0.060065
0 0.887971 0.378227 0.051401 0.041454
0 0.923427 0.346926 0.051875 0.051611
0 0.970065 0.304620 0.056630 0.061759
