0 0.510617 0.753782 0.057109 0.119861
0 0.772167 0.508426 0.054333 0.105759
0 0.722198 0.557773 0.055917 0.102935
0 0.571492 0.704074 0.068609 0.131852
0 0.629594 0.650486 0.056313 0.121972
0 0.683331 0.600782 0.059089 0.114213
0 0.974229 0.305722 0.049177 0.095185
0 0.927432 0.360361 0.055521 0.095889
0 0.872505 0.428046 0.059885 0.074741
0 0.820154 0.461889 0.055922 0.094481
0 0.241927 0.949782 0.121750 0.088843
0 0.334924 0.913120 0.073766 0.094481
0 0.388070 0.841204 0.072182 0.074741
0 0.458266 0.805949 0.069802 0.111398
