0 0.703466 0.567088 0.065255 0.087861
0 0.570698 0.688847 0.066229 0.073324
0 0.474526 0.783676 0.058698 0.086722
0 0.426938 0.822449 0.070594 0.072620
0 0.363878 0.875685 0.077734 0.076148
0 0.268102 0.949009 0.071786 0.090241
0 0.941128 0.331704 0.045276 0.052296
0 0.898826 0.371361 0.046599 0.058759
0 0.842151 0.422495 0.033719 0.055194
0 0.800836 0.488870 0.045609 0.047000
0 0.774026 0.517977 0.045938 0.052991
0 0.751091 0.547838 0.041693 0.051083
0 0.652781 0.599356 0.043271 0.055583
0 0.649833 0.649361 0.046781 0.052167
