0 0.559336 0.724125 0.057745 0.072417
0 0.525094 0.767495 0.059979 0.071620
0 0.927297 0.351713 0.038948 0.042130
0 0.299253 0.942588 0.110589 0.106676
0 0.478987 0.804102 0.061776 0.087537
0 0.419677 0.844292 0.062219 0.094694
0 0.358797 0.880106 0.060427 0.072417
0 0.963602 0.315546 0.043297 0.048185
0 0.852542 0.432069 0.047896 0.043769
0 0.881411 0.397449 0.038500 0.044565
0 0.686914 0.595606 0.052370 0.070028
0 0.734589 0.546264 0.052823 0.066843
0 0.782708 0.500111 0.053271 0.054111
0 0.815161 0.462310 0.040292 0.046954
0 0.637453 0.634190 0.051031 0.069213
0 0.611039 0.689509 0.070724 0.065259
