0 0.984443 0.234542 0.031115 0.053417
0 0.095586 0.893718 0.117766 0.068546
0 0.294745 0.817106 0.090542 0.060583
0 0.364115 0.783787 0.074479 0.057981
0 0.406951 0.747435 0.061818 0.061444
0 0.455388 0.708931 0.066203 0.058843
0 0.496276 0.663495 0.061333 0.073565
0 0.565888 0.611569 0.055495 0.075287
0 0.609701 0.572630 0.057443 0.077019
0 0.656674 0.531954 0.062797 0.061444
0 0.693672 0.494741 0.051115 0.047593
0 0.736750 0.456231 0.050625 0.074426
0 0.775677 0.423181 0.045542 0.054250
0 0.808906 0.389366 0.042500 0.062620
0 0.863362 0.344722 0.044839 0.060093
0 0.929786 0.285880 0.035427 0.045833
0 0.957966 0.257079 0.036859 0.048417
