0 0.947617 0.272162 0.040453 0.050769
0 0.030109 0.926093 0.053542 0.078259
0 0.460607 0.703653 0.044422 0.045120
0 0.545276 0.621509 0.044021 0.050056
0 0.498677 0.651435 0.057854 0.070648
0 0.585732 0.596486 0.051953 0.062046
0 0.632724 0.556648 0.065833 0.065574
0 0.688445 0.505884 0.057505 0.061343
0 0.734849 0.462523 0.055917 0.064861
0 0.779068 0.421278 0.050760 0.064167
0 0.841729 0.357472 0.030937 0.039481
0 0.875440 0.330329 0.030932 0.054287
0 0.912323 0.299657 0.032521 0.045130
0 0.978552 0.244310 0.038073 0.051472
0 0.323198 0.799194 0.071010 0.081093
