0 0.681760 0.594148 0.057073 0.062333
0 0.789190 0.484727 0.051849 0.043769
0 0.429216 0.723134 0.054089 0.051065
0 0.348828 0.783810 0.064906 0.053046
0 0.264339 0.826255 0.085427 0.058361
0 0.067008 0.902185 0.105568 0.060352
0 0.204839 0.969495 0.076844 0.057028
0 0.282057 0.930370 0.070875 0.082241
0 0.342487 0.891241 0.065651 0.070296
0 0.400682 0.848468 0.073115 0.065657
0 0.442833 0.806690 0.062667 0.053713
0 0.482932 0.772870 0.066771 0.049741
0 0.555490 0.712190 0.047000 0.054380
0 0.638674 0.638579 0.041776 0.053046
0 0.727828 0.548722 0.044021 0.056370
0 0.958172 0.262231 0.041406 0.056370
0 0.924227 0.288755 0.040661 0.057694
0 0.889724 0.320259 0.038052 0.055704
0 0.844961 0.360380 0.046255 0.061667
0 0.802435 0.397852 0.044016 0.063667
0 0.759909 0.436977 0.047005 0.061009
0 0.706378 0.476102 0.034693 0.045093
0 0.679333 0.510255 0.041781 0.047083
0 0.638862 0.543417 0.044391 0.059019
0 0.603794 0.582875 0.054089 0.064991
0 0.561083 0.616361 0.041781 0.064333
0 0.520797 0.648194 0.053719 0.064333
0 0.476966 0.689972 0.050359 0.069630
