0 0.372185 0.881718 0.076349 0.118046
0 0.290755 0.946694 0.074719 0.093074
0 0.462802 0.803972 0.082792 0.068537
0 0.525138 0.759125 0.072339 0.087139
0 0.574872 0.710477 0.045214 0.064306
0 0.607232 0.663093 0.053776 0.091370
0 0.782604 0.508690 0.059010 0.098991
0 0.822107 0.474005 0.034266 0.058380
0 0.877310 0.422819 0.036172 0.047380
0 0.916333 0.383472 0.042833 0.046537
0 0.951315 0.349208 0.038547 0.052454
0 0.727398 0.554801 0.061870 0.101528
0 0.674339 0.599644 0.059490 0.093065
0 0.982487 0.311139 0.034266 0.067685
