0 0.810651 0.388505 0.047271 0.066843
0 0.978917 0.228551 0.042167 0.067806
0 0.940911 0.273912 0.041365 0.061120
0 0.898477 0.311153 0.045661 0.064935
0 0.857922 0.350306 0.048344 0.068759
0 0.754516 0.433389 0.057479 0.074481
0 0.709396 0.485435 0.058552 0.071630
0 0.654333 0.529843 0.063385 0.072574
0 0.606797 0.577588 0.060698 0.080213
0 0.546354 0.622940 0.064479 0.075417
0 0.505539 0.666403 0.051568 0.064935
0 0.458807 0.710806 0.061240 0.067796
0 0.306523 0.812028 0.095078 0.077352
0 0.395693 0.769532 0.069292 0.064935
