0 0.613810 0.563699 0.067026 0.076139
0 0.805362 0.395542 0.050370 0.061343
0 0.273932 0.823157 0.082094 0.057815
0 0.349284 0.787199 0.068609 0.064861
0 0.411547 0.748069 0.064646 0.057102
0 0.455370 0.705403 0.069802 0.046546
0 0.848591 0.355708 0.051953 0.063454
0 0.493643 0.667694 0.068609 0.065574
0 0.560865 0.610231 0.065042 0.060630
0 0.672109 0.516106 0.054333 0.066972
0 0.714146 0.475213 0.049573 0.061333
0 0.758565 0.437847 0.057505 0.072620
0 0.889240 0.316579 0.042042 0.061343
0 0.955273 0.259819 0.047984 0.063454
