0 0.975237 0.307810 0.040828 0.086898
0 0.245234 0.953843 0.095615 0.085944
0 0.341117 0.904662 0.088630 0.123194
0 0.388656 0.835903 0.055865 0.065898
0 0.438073 0.797708 0.048344 0.058250
0 0.483195 0.760940 0.049422 0.066843
0 0.532346 0.731815 0.066068 0.073537
0 0.519721 0.786722 0.049422 0.055389
0 0.583375 0.678319 0.069292 0.075398
0 0.649448 0.635338 0.067146 0.088769
0 0.691078 0.577111 0.056937 0.090722
0 0.748823 0.535569 0.058552 0.110769
0 0.836648 0.454875 0.060161 0.084991
0 0.887411 0.405222 0.057479 0.090722
0 0.934685 0.348403 0.047818 0.080231
