0 0.827883 0.380611 0.041130 0.046593
0 0.871831 0.332542 0.036057 0.048583
0 0.953234 0.261921 0.034385 0.048565
0 0.382643 0.774259 0.065641 0.062593
0 0.432789 0.738954 0.049297 0.056093
0 0.494198 0.668583 0.044229 0.053574
0 0.549839 0.631278 0.072115 0.076130
0 0.593362 0.589208 0.052120 0.048083
0 0.620266 0.558157 0.037187 0.045074
0 0.662521 0.524856 0.045635 0.053583
0 0.788581 0.401903 0.049870 0.050083
0 0.753630 0.438486 0.051010 0.043028
0 0.695057 0.494301 0.045917 0.050583
0 0.277990 0.825843 0.064792 0.054593
