0 0.567484 0.607380 0.046552 0.058093
0 0.238089 0.959926 0.081531 0.073556
0 0.371901 0.877583 0.077104 0.077074
0 0.481594 0.810352 0.068833 0.094926
0 0.540378 0.756051 0.065745 0.088009
0 0.587174 0.707917 0.058786 0.085259
0 0.644888 0.658301 0.059818 0.082139
0 0.694799 0.597093 0.060224 0.074074
0 0.743578 0.545699 0.052177 0.065528
0 0.276221 0.822745 0.081995 0.078380
0 0.361695 0.782176 0.062651 0.079759
0 0.478852 0.687755 0.059984 0.075602
0 0.526753 0.641602 0.057297 0.070833
0 0.616276 0.564810 0.049240 0.074806
0 0.659922 0.526606 0.048792 0.074806
0 0.705357 0.480847 0.048349 0.074009
0 0.750792 0.434694 0.048792 0.070833
0 0.794659 0.400079 0.045214 0.065250
0 0.836740 0.360685 0.046104 0.066056
0 0.879487 0.325273 0.046557 0.070028
0 0.819281 0.475681 0.051479 0.070028
0 0.858003 0.431116 0.042974 0.066843
0 0.929846 0.363870 0.047005 0.070833
0 0.975281 0.318509 0.049240 0.080370
0 0.924250 0.286282 0.047448 0.073213
0 0.967896 0.236144 0.047000 0.073213
0 0.304500 0.939231 0.067594 0.078778
