0 0.640094 0.631995 0.039917 0.046380
0 0.485469 0.764648 0.051479 0.053056
0 0.533964 0.732815 0.047000 0.051722
0 0.572013 0.694019 0.047745 0.051056
0 0.607826 0.664509 0.038797 0.046426
0 0.674596 0.599847 0.041776 0.048417
0 0.705927 0.568333 0.033562 0.042407
0 0.739318 0.530218 0.036927 0.070954
0 0.778672 0.492417 0.041031 0.056370
0 0.820078 0.456940 0.047000 0.061009
0 0.854760 0.417148 0.040271 0.047741
0 0.892073 0.384986 0.040292 0.055046
0 0.441036 0.803440 0.061781 0.076824
0 0.319154 0.907810 0.062193 0.087454
0 0.232828 0.948556 0.099323 0.089741
