00
00
00
00
00
00 11-20 0600 wed
00 
04
01
05
00 1100 wed
00
00
00
00
04
05
00
00
01
00
03
04
00
00
00
00
00
01
01 0600 thu
01
00
11
51
51
51
51
50
50
35
15
14
01
04
00
01
00
00 0500 sat
00
22
51
51
55
50
50
52
50
00 1500 sat
55
55
20
10
10
00
00
00
02
00
00
00
00
00 
00
00 0700 sun
20
50
54
44
35
00
00
00
02
05
00
20
00
00
00
00
05
00
00
00
00
00
01
05 0700 mon
05
45
52
50
51
52
40 1400 mon
00
40
00
00
04
02
00
00
00
05
01
00
00
00
00
00
00
02
11
00
40
51
10
00
00
00
00
00
00
00
10
02
00
05
00
00
00
00
00
00
00
05
20
50 1000 wed
50
50
00
00
00
05
04
03
03
00
05
01
00
00
50
00
01
00
00
00
01
05
05
50
35
41
54 1300 thu
54
43
05
05