01
01
03
03
00
00
00
00
00
00
00
04
00
00
50
50
55
50
50
50
50
50
03
50
00
00
00
00
00
00
00
00
01
10
55
35
05
22
00
03
00
00
00
00
00
00
00
00
02
00
00
00
00
00
00
00
04
01
50
30
41
55
00
00
05
03
04
05
05
05
05
05
00
00
00
00
00
00
00
05
05
15
50
50
51
50
10
00
03
03
05
05
05
00
01
00
05
00
00
01
00
02
00
04
00
00
50
30
51
50
00
05
05
05
05
01
00
00
03
15
00
00
00
00
00
00
00
00
05
42
50
50
50
55
50
50
05
05
25
00
00
00
02
01
00
00
00
00
00
02
00
50
50
50
50
50
50
50
50
30
32
50
50
50
20
30
00
00
00
00
03
01
00
00
00
20
50
50
55
35
