05
00
00
00
00
00
00
05
05
04
52
54
05
55
50
50
05
05
04
00
00
00
00
00
02
00
00
00
00
00
01
05
55
52
40
50
54
50
50
50
25
50
11
55
04
05
05
00
22
10
00
00
00
04
51
53
50
51
52
55
55
55
45
51
05
05
05
05
05
05
05
05
05
04
04
00
00
02
03
00
05
05
55
35
05
04
00
00
05
05
05
05
05
05
02
00
04
05
05
05
00
05
05
05
35
35
55
45
55
55
55
55
25
25
55
05
05
05
05
03
04
03
00
00
00
00
00
00
00
00
00
05
05
04
55
55
05
03
00
03
00
00
00
00
00
00
00
00
00
00
00
50
30
20
50
33
00
03
01
03
20
10
00
00
00
02
00
03
00
00
00
00
00
00
00
00
50
54
55
35
55
25
55
55
55
51
00
03
00
50
10
