55
55
35
05
04
00
25 1900 sun
04
00
02
01
03
00
00
00
00
00
00
00
05
55
52
45
25
25
05
05
05
03
04
05
02
05
05
05
05
00
00
00
00
00
00
00 0700 tue
05
05
05
01
00
50
30
00
00
02
00
00
03
05
00
00
02
00
00
00
00
00
00 0600 wed
00
05
20
54
50
52
54
34
00
04
02 1700 wed
05
05
04
00
02
00
05
00
00
00 0600 thu
05
00
50
50
50 1100 thu
55
55
55
55
05
05
05
05
05
05
05
25
00
00
00
00
00
00
00
00
55 0800 sat
55
55
55
05
45
50
20
45
24
45
05
05
00 2100 sat
00
00
05
05
00
00
00
00
00
00
20
54 0900 sun
55
55
55
55
00
00
00
02
05
05
00
00
00
01
05
05
00
04
05
00
05
05
05
50
50
54
40
55
55
55 1500 mon
05
05
05
05
05
05
02
00
05
05 0100 tue
00
00
00
00
02 0600 tue
01 
05 
50
50
50
50
55
45
05
05
05
05
05
04
05
05
05