0 0.807911 0.393870 0.048344 0.077981
0 0.852443 0.348528 0.041615 0.079611
0 0.892961 0.313097 0.047453 0.080380
0 0.639758 0.536560 0.053276 0.068546
0 0.599102 0.580796 0.051870 0.072278
0 0.554937 0.613204 0.047667 0.072278
0 0.478531 0.678630 0.050469 0.063556
0 0.425961 0.722866 0.056078 0.059824
0 0.375487 0.770843 0.053276 0.071037
0 0.260529 0.826926 0.056078 0.063556
0 0.320815 0.805134 0.060286 0.069750
0 0.977117 0.239088 0.042078 0.067639
0 0.928320 0.285269 0.041172 0.061315
0 0.731812 0.459523 0.042969 0.075602
