0 0.815224 0.379829 0.051427 0.061269
0 0.862237 0.342444 0.048484 0.065426
0 0.904237 0.305880 0.043391 0.066778
0 0.943307 0.272486 0.041667 0.067546
0 0.980763 0.237181 0.038422 0.062935
0 0.558781 0.614514 0.060771 0.086157
0 0.615141 0.566245 0.066010 0.085157
0 0.302323 0.810301 0.094646 0.083102
0 0.382065 0.766148 0.069516 0.079963
0 0.436685 0.725653 0.061922 0.086194
0 0.492180 0.672685 0.061922 0.092426
0 0.663042 0.514833 0.054323 0.094500
0 0.713279 0.468620 0.054328 0.058167
0 0.766721 0.427583 0.054891 0.065389
