0 0.823453 0.376292 0.051052 0.079213
0 0.982503 0.225306 0.034995 0.077556
0 0.948763 0.264083 0.047339 0.075907
0 0.910242 0.296259 0.040839 0.070963
0 0.868471 0.335861 0.053839 0.090759
0 0.281375 0.814380 0.065937 0.074259
0 0.409469 0.732731 0.056625 0.075907
0 0.485117 0.666722 0.053839 0.069315
0 0.536169 0.624644 0.055693 0.070954
0 0.587685 0.585037 0.062193 0.074259
0 0.636417 0.534708 0.051979 0.092417
0 0.684219 0.501704 0.051052 0.092407
0 0.730167 0.452199 0.050125 0.085806
0 0.777042 0.420023 0.052906 0.084157
