0 0.623862 0.663824 0.064568 0.081130
0 0.666284 0.633171 0.052734 0.075120
0 0.710232 0.588398 0.053411 0.081741
0 0.757896 0.524069 0.084510 0.099806
0 0.238581 0.959292 0.081682 0.067657
0 0.826013 0.463093 0.067276 0.094352
0 0.976849 0.316667 0.040469 0.068889
0 0.936146 0.359431 0.050281 0.064694
0 0.895977 0.398486 0.055755 0.072102
0 0.319802 0.927116 0.067760 0.095713
0 0.382922 0.870190 0.065906 0.084157
0 0.469708 0.809125 0.068687 0.100639
0 0.527260 0.757977 0.059406 0.080861
0 0.563518 0.719134 0.091953 0.112343
