0 0.697724 0.578782 0.069635 0.101565
0 0.236615 0.956204 0.087917 0.081111
0 0.337026 0.910519 0.087219 0.132815
0 0.419172 0.826384 0.092625 0.114787
0 0.501992 0.775903 0.087891 0.125602
0 0.570956 0.708894 0.070318 0.097361
0 0.640755 0.643657 0.076719 0.094352
0 0.757557 0.525602 0.062198 0.116574
0 0.810294 0.481727 0.052734 0.080528
0 0.839701 0.444764 0.055443 0.081139
0 0.885508 0.406301 0.049693 0.071509
0 0.923203 0.372949 0.052063 0.069713
0 0.943148 0.333282 0.044620 0.067306
0 0.981547 0.312560 0.036906 0.063083
