0 0.748375 0.516088 0.050281 0.083880
0 0.785893 0.482398 0.043318 0.079759
0 0.820698 0.449398 0.051052 0.074259
0 0.858214 0.408144 0.042542 0.060509
0 0.892635 0.386824 0.047958 0.064630
0 0.938273 0.337324 0.049505 0.081130
0 0.973857 0.300880 0.043318 0.063259
0 0.713568 0.552532 0.047187 0.085250
0 0.234661 0.949847 0.105146 0.083750
0 0.328031 0.892269 0.081594 0.109167
0 0.385654 0.860120 0.060568 0.071778
0 0.432758 0.813019 0.074026 0.085241
0 0.494164 0.754690 0.060568 0.094213
0 0.594685 0.665718 0.066453 0.092713
0 0.651299 0.621287 0.064974 0.090759
